208
209
330
343
352
355
358
389
407
443
444
445
511
515
520
577
586
590
595
608
648
665
759
762
818
838
875
884
890
893
903
911
914
920
921
924
926
927
932
939
945
961
964
979
987
996
1008
1011
1016
1017
1018
1019
1044
1046
1047
1053
1075
1095
1099
1106
1107
1110
1119
1124
1125
1130
1131
1135
1138
1140
1142
1144
1147
1157
1158
1165
1166
1168
1169
1170
1172
1206
1212
1215
1221
1225
1249
1256
1259
1270
1283
1287
1289
1307
1313
1315
1318
1326
1328
1331
1332
1333
1336
1346
1348
1355
1356
1358
1359
1361
1517
1519
1520
1522
1523
1524
1525
1526
1541
1555
1570
1574
1579
1583
1585
1586
1587
1589
1592
1593
1599
1600
1605
1608
1609
1610
1614
1625
1630
1632
1636
1639
1640
1641
1643
1647
1648
1649
1650
1657
1659
1660
1663
1667
1669
1670
1675
1676
1677
1678
1684
1685
1686
1692
1693
1694
1697
1700
1704
1705
1706
1708
1716
1728
1729
1735
1739
1740
1741
1744
1745
1747
1748
1749
1750
1751
1752
1753
1754
1757
1758
1760
1761
1762
1763
1764
1765
1767
1768
1770
1771
1772
1773
1774
1776
1777
1778
1779
1781
1782
1784
1786
1787
1788
1789
1790
1791
1792
1799
1800
1801
1802
1807
1808
1809
1810
1811
1812
1814
1815
1816
1821
1822
1833
1835
1836
1841
1845
1846
1847
1848
1849
1850
1852
1854
1855
1856
1859
1861
1862
1863
1864
1866
1869
1871
1872
1874
1875
1876
1877
1879
1880
1882
1888
1889
1901
1905
1907
1910
1911
1912
1913
1914
1915
1916
1918
1919
1924
1929
1930
1931
1933
1934
1935
1936
1937
1939
1941
1942
1944
1945
1946
1948
1950
1954
1955
1956
1957
1958
1960
1961
1962
1963
1965
1966
1968
1969
1972
1973
1974
1975
1981
1986
1993
1994
1995
1996
1998
2000
2001
2002
2003
2004
2006
2007
2008
2010
2011
2012
2013
2014
2015
2016
2017
2224
2226
2229
2232
2233
2234
2235
2236
2239
2240
2241
2242
2243
2244
2245
2246
2247
2249
2250
2251
2253
2258
2259
2260
2263
2264
2267
2268
2271
2272
2274
2275
2277
2278
2287
2288
2289
2290
2292
2293
2294
2295
2296
2297
2298
2299
2300
2301
2303
2306
2308
2309
2310
2312
2313
2314
2321
2322
2323
2324
2326
2327
2329
2330
2331
2332
2334
2336
2337
2339
2340
2341
2342
2343
2344
2346
2347
2348
2349
2353
2355
2356
2357
2358
2360
2361
2363
2364
2365
2366
2367
2369
2371
2373
2375
2376
2377
2383
2384
2386
2387
2394
2396
2397
2400
2401
2402
2403
2404
2405
2407
2409
2410
2411
2412
2413
2415
2416
2417
2418
2420
2422
2423
2425
2427
2428
2430
2431
2432
2434
2435
2436
2437
2439
2442
2445
2449
2450
2451
2823
2824
2825
2826
2827
2829
2842
2848
2850
2852
2854
2859
2866
2867
2868
2873
2874
2876
2884
2887
2888
2889
2890
2891
2893
2894
2897
2906
2910
2911
2912
2913
2915
2916
2919
2920
2921
2922
2923
2924
2926
2928
2929
2930
2931
2932
2935
2936
2937
2939
2940
2941
2942
2943
2944
2945
2946
2947
2958
2959
2960
2966
2967
2969
2970
2971
2973
2974
2975
2976
2977
2978
2979
2980
2982
2983
2984
2985
2986
2987
2988
2989
2990
2994
2996
2997
2998
2999
3000
3001
3002
3003
3004
3005
3006
3019
3020
3023
3025
3026
3035
3037
3038
3040
3041
3042
3043
3046
3049
3050
3051
3053
3054
3055
3057
3064
3068
3069
3070
3073
3074
3075
3076
3077
3078
3080
3082
3083
3091
3092
3093
3094
3098
3099
3100
3101
3102
3111
3114
3115
3117
3118
3436
3439
3440
3441
3442
3443
3444
3446
3447
3448
3449
3450
3452
3453
3454
3455
3457
3458
3467
3468
3471
3473
3475
3476
3477
3478
3480
3481
3483
3485
3486
3487
3488
3489
3490
3491
3492
3493
3494
3495
3496
3497
3498
3499
3501
3502
3504
3505
3506
3507
3509
3510
3514
3515
3516
3517
3518
3520
3521
3522
3523
3524
3525
3526
3527
3529
3530
3531
3532
3539
3543
3545
3555
3556
3560
3561
3563
3564
3565
3923
3924
3925
3932
3933
3935
3936
3937
3942
3943
3944
3945
3946
3950
3957
3961
3968
3970
3971
3972
3978
3992
3994
3995
3996
3998
3999
4004
4005
4013
4017
4018
4019
4020
4021
4022
4425
4427
4431
4432
4434
4435
4436
4439
4440
4442
4445
4446
4448
4450
4451
4452
4453
4455
4457
4459
4460
4461
4462
4463
4464
4465
4468
4469
4470
4471
4472
4473
4475
4481
4483
4484
4485
4487
4489
4490
4495
4496
4497
4499
4500
4501
4502
4503
4504
4505
4506
4507
4509
4510
4511
4512
4513
4514
4515
4516
4517
4518
4519
4520
4521
4522
4526
4527
4556
4557
4559
4561
4562
4563
4564
4565
4566
4567
4570
4571
4572
4573
4574
4582
4585
4587
4588
4589
4590
4593
4597
4608
4610
4612
4613
4614
4615
4616
4617
4619
4620
4622
4624
4625
4628
4629
4630
4634
4635
4636
4637
4638
4639
4641
4643
4645
4648
4649
4650
4651
4652
4658
4659
4660
4661
4662
4667
4668
4670
4673
4674
4675
4677
4678
4679
4680
4687
4688
4690
4692
4696
4697
4698
4699
4700
4701
4703
4705
4706
4708
4709
4710
4712
4713
4715
4716
4717
4718
4720
4721
4723
4725
4731
4745
4746
4748
4749
4750
4751
4753
4754
4755
4765
4766
4769
4772
4778
4779
4781
4782
4786
4787
4788
4797
4798
4800
4804
4806
4808
4809
4810
4811
4816
4818
4819
4820
4821
4822
4823
4825
4828
4829
4830
4831
4833
4834
4835
4836
4838
4839
4841
4842
4844
4845
4846
4847
4848
5867
5869
5870
5874
5877
5878
5879
5881
5883
5884
5885
5886
5887
5891
5893
5894
5895
5896
5898
5899
5902
5903
5904
5905
5908
5909
5910
5911
5913
5915
5918
5919
5920
5921
5922
5923
5924
5927
5931
5934
5936
5937
5942
5943
5945
5949
5950
5951
5952
5953
5954
5955
5961
5962
5963
5966
5968
5969
5973
5975
5977
5980
5981
5982
5983
5984
5987
5988
5989
5991
5995
5996
5997
6002
6003
6005
6006
6007
6010
6011
6013
6015
6016
6017
6022
6025
6029
6030
6033
6036
6038
6039
6040
6041
6043
6044
6045
6047
6048
6049
6051
6052
6054
6062
6063
6066
6067
6068
6070
6071
6072
6073
6074
6076
6077
6081
6082
6083
6084
6085
6086
6090
6093
6094
6095
6102
6103
6104
6105
6107
6109
6110
6114
6115
6116
6122
6124
6125
6127
6135
6136
6137
6139
6142
6149
6150
6151
6157
6158
6159
6160
6161
6163
6165
6168
6169
6172
6173
6175
6177
6179
6181
6183
6184
6185
6186
6190
6191
6194
6195
6197
6201
6208
6210
6212
6215
6216
6221
6222
6224
6226
6234
6235
6238
6239
6241
6242
6243
6244
6249
6250
6251
6252
6254
6259
6375
6381
6386
6387
6388
6398
6400
6402
6406
6407
6408
6409
6410
6412
6413
6414
6415
6417
6421
6423
6430
6431
6433
6435
6440
6441
6442
6447
6448
6449
6458
6461
6463
6464
6465
6467
6474
6475
6476
6477
6479
6482
6486
6490
6492
6493
6494
6495
6498
6501
6502
6505
6509
6512
6515
6516
6517
6520
6528
6532
6533
6538
6539
6540
6541
6542
6546
6551
6552
6553
6555
6557
6558
6562
6568
6569
6571
6572
6576
6577
6580
6581
6583
6584
6586
6587
6588
6589
6591
6596
6597
6598
6599
6600
6603
6608
6615
6618
6619
6620
6621
6624
6625
6628
6629
6630
6631
6633
6635
6640
6641
6646
6648
6649
6658
6665
6667
6668
6674
6677
6678
6679
6680
6682
6684
6685
6692
6693
6694
6695
6698
6708
6713
6714
6715
6718
6719
6720
6721
6722
6723
6725
6726
6729
6730
6731
6734
6736
6740
6742
6744
6745
6750
6755
6757
6758
6760
6761
6762
6763
6764
6765
6766
6767
6768
6771
6772
6777
6778
6779
6782
6783
6784
6786
6790
6791
6794
6795
6796
6800
6802
6803
6804
6807
6808
6809
6810
6811
6813
6817
6819
6820
6822
6823
6825
6827
6828
6829
6830
6831
6832
6834
6835
6844
6845
6851
6852
6854
6855
6856
6859
6860
6861
6865
6866
6867
6868
6871
6872
6873
6874
6876
6877
6879
6882
6883
7237
7238
7239
7241
7243
7244
7245
7246
7247
7248
7249
7250
7252
7255
7256
7257
7258
7259
7260
7261
7262
7263
7265
7266
7270
7271
7272
7276
7277
7278
7279
7280
7288
7289
7290
7291
7294
7295
7296
7305
7306
7308
7309
7310
7312
7313
7316
7318
7321
7323
7329
7330
7331
7332
7335
7336
7337
7342
7343
7347
7350
7351
7352
7353
7357
7358
7363
7374
7375
7384
7385
7386
7387
7388
7397
7406
7407
7408
7410
7411
7412
7413
7415
7417
7418
7420
7421
7422
7423
7424
7425
7428
7429
7473
7474
7476
7479
7481
7494
7495
7496
7500
7501
7502
7503
7504
7505
7506
7507
7509
7512
7514
7515
7518
7520
7521
7522
7523
7525
7528
7533
7534
7535
7536
7537
7538
7539
7540
7541
7544
7546
7547
7549
7552
7553
7554
7555
7556
7557
7558
7563
7565
7570
7571
7572
7575
7576
7583
7584
7585
7587
7591
7593
7594
7600
7601
7602
7606
7607
7609
7612
7613
7614
7615
7619
7620
7621
7622
7625
7627
7633
7634
7636
7641
7642
7643
7648
7649
7650
7652
7654
7657
7658
7659
7660
7668
7670
7671
7672
7681
7682
7683
7684
7692
7694
7701
7702
7703
7705
7707
7708
7716
7721
7726
7731
7733
7735
7738
7741
7743
7744
7746
7747
7748
7751
7752
7753
7754
7756
7759
7760
7761
7763
7766
7768
7769
7770
7772
7773
7774
7777
7783
7787
7788
7791
7794
7803
7805
7806
7808
7810
7811
7814
7816
7817
7822
7827
7828
7831
7832
7833
7834
7838
7839
7843
7845
7846
7847
7848
7849
7850
7854
7855
7856
7858
7860
7862
7863
7867
7868
7869
7875
7876
7877
7880
7881
7883
7884
7886
7888
7891
7894
7901
7902
7920
7921
7927
7929
7952
7953
7955
7967
7968
7973
7992
7994
7995
8000
8002
8004
8005
8009
8010
8012
8014
8015
8016
8017
8018
8019
8020
8023
8025
8026
8027
8030
8036
8037
8039
8041
8043
8045
8047
8048
8049
8051
8054
8055
8056
8058
8059
8060
8062
8064
8065
8066
8070
8077
8084
8086
8087
8088
8094
8096
8098
8099
8101
8108
8109
8110
8111
8114
8118
8120
8121
8136
8137
8140
8141
8142
8143
8144
8146
8148
8149
8150
8151
8152
8154
8155
8157
8158
8159
8160
8161
8162
8169
8171
8174
8175
8177
8178
8179
8180
8181
8183
8185
8186
8187
8192
8193
8195
8197
8199
8202
8204
8205
8211
8212
8213
8215
8216
8221
8222
8223
8224
8225
8228
8238
8239
8240
8241
8242
8243
8244
8245
8246
8247
8248
8249
8250
8252
8253
8254
8256
8260
8261
8262
8265
8266
8267
8268
8269
8273
8275
8277
8279
8282
8284
8288
8291
8292
8295
8300
8302
8303
8304
8306
8307
8310
8312
8313
8314
8315
8316
8317
8318
8319
8320
8321
8374
8376
8378
8383
8390
8391
8394
8395
8396
8397
8398
8400
8401
8402
8404
8413
8414
8415
8418
8419
8427
8440
8442
8444
8445
8447
8448
8454
8456
8458
8461
8462
8463
8464
8467
8469
8470
8471
8473
8474
8477
8478
8479
8480
8481
8482
8483
8486
8488
8495
8496
8504
8508
8510
8516
8518
8519
8520
8525
8527
8536
8538
8539
8540
8541
8543
8545
8546
8547
8553
8554
8559
8560
8561
8563
8564
8565
8567
8568
8569
8570
8571
8572
8576
8580
8582
8584
8587
8589
8590
8593
8594
8595
8596
8598
8599
8600
8603
8605
8607
8608
8609
8610
8615
8616
8620
8641
8673
8676
8681
8692
8693
8702
8704
8705
8706
8707
8711
8712
8713
8721
8723
8725
8728
8729
8730
8731
8734
8736
8738
8740
8741
8743
8744
8745
8746
8753
8754
8758
8760
8761
8762
8763
8764
8765
8766
8767
8768
8769
8770
8772
8774
8775
8776
8777
8778
8779
8780
8781
8782
8784
8785
8786
8787
8789
8790
8791
8801
8813
8814
8817
8818
8819
8820
8821
9715
9716
9717
9718
9721
9727
9728
9729
9730
9731
9733
9744
9748
9750
9751
9752
9753
9754
9755
9757
9759
9760
9761
9764
9769
9770
9771
9772
9790
9791
9793
9794
9800
9802
9803
9804
9810
9818
9821
9822
9823
9824
9828
9830
9834
9837
9839
9840
9844
9857
9858
9864
9868
9871
9873
9877
9886
9887
9894
9895
9902
9904
9905
9914
9915
9916
9917
9921
9922
9924
9925
9926
9928
9929
9933
9934
9942
9943
9944
9945
9946
9954
9955
9957
9958
9963
9966
9975
9976
9977
9978
9984
9985
9987
9988
9991
9995
10004
10005
10006
10007
10009
10010
10013
10027
10033
10036
10042
10044
10046
10054
10055
10057
10058
10064
10070
10071
10072
10073
10074
10077
10078
10085
10095
10103
10104
10105
10107
10111
10117
10118
10123
10138
10146
10152
10153
10154
10155
10170
10171
10172
10173
10174
10176
10177
10178
10180
10182
10183
10184
10185
10186
10187
10188
10190
10191
10195
10196
10197
10198
10199
10205
10206
10207
10229
10231
10232
10233
10235
10238
10239
10240
10241
10243
10246
10251
10254
10255
10256
10257
10258
10259
10261
10265
10266
10267
10268
10274
10275
10279
10280
10281
10282
10284
10285
10286
10288
10289
10294
10295
10297
10298
10299
10308
10309
10310
10314
10316
10317
10319
10324
10325
10326
10329
10330
10331
10333
10335
10336
10337
10341
10342
10343
10355
10356
10360
10361
10369
10370
10375
10376
10377
10380
10382
10384
10386
10387
10389
10391
10395
10396
10401
10408
10409
10412
10413
10418
10419
10420
10421
10422
10428
10429
10430
10451
10456
10457
10459
10461
10463
10465
10466
10468
10469
10477
10478
10484
10486
10487
10489
10505
10508
10509
10510
10511
10512
10513
10514
10515
10524
10529
10537
10541
10543
10546
10547
10548
10549
10550
10551
10553
10554
10561
10562
10563
10564
10566
10569
10570
10571
10572
10573
10574
10577
10578
10579
10580
10581
10582
10584
10586
10587
10588
10589
10594
10615
10616
10617
10618
10619
10620
10634
10635
10638
10654
10664
10674
10678
10681
10682
10683
10685
10686
10687
10688
10689
10690
10694
10695
10696
10697
10698
10699
10700
10701
10702
10705
10706
10708
10709
10710
10711
10714
10715
10716
10717
10719
10720
10721
10723
10724
10725
10726
10727
10731
10732
10733
10735
10736
10737
10738
10739
10740
10741
10742
10743
10744
10746
10747
10748
10749
10750
10758
10759
10760
10761
10762
10763
10764
10765
10766
10767
10768
10769
10771
10772
10773
10774
10780
10782
10788
10790
10792
10794
10796
10797
10798
10799
10800
10801
10803
10804
10805
10806
10808
10810
10814
10815
10816
10817
10818
10821
10823
10832
10833
10834
10835
10836
10837
10840
10846
10848
10849
10854
10855
10856
10858
10860
10861
10862
10863
10864
10874
10875
10877
10878
10879
10880
10881
10882
10884
10886
10887
10896
10897
10898
10899
10900
10901
10902
10903
10911
10915
10917
10920
10921
10926
10927
10929
10930
10931
10933
10934
10937
10938
10940
10941
10943
10945
10946
10947
10948
10949
10957
10960
10966
10968
10974
10976
10978
10979
10980
10982
10988
10990
10992
10993
10994
10996
10998
11003
11004
11007
11008
11009
11011
11012
11014
11015
11019
11020
11022
11023
11026
11028
11029
11030
11031
11032
11033
11035
11036
11037
11040
11041
11042
11044
11049
11050
11054
11056
11059
11060
11061
11063
11064
11072
11073
11077
11084
11095
11096
11097
11098
11100
11101
11107
11110
11111
11114
11115
11117
11118
11119
11120
11121
11124
11125
11127
11129
11130
11131
11133
11135
11137
11138
11146
11147
11148
11149
11150
11151
11154
11155
11156
11157
11161
11174
11176
11178
11179
11189
11190
11191
11193
11194
11196
11197
11204
11205
11206
11211
11212
11213
11214
11217
11219
11222
11223
11225
11227
11228
11229
11230
11231
11232
11233
11234
11235
11236
11239
11264
11266
11267
11268
11274
11278
11279
11282
11283
11284
11286
11287
11288
11289
11290
11292
11293
11295
11296
11302
11303
11304
11305
11306
11307
11308
11309
11310
11312
11315
11316
11317
11318
11320
11322
11323
11326
11327
11328
11329
11331
11334
11336
11339
11340
11341
11342
11343
11344
11345
11348
11350
11351
11352
11354
11355
11356
11357
11358
11359
11360
11361
11362
11363
11364
11369
11372
11374
11377
11378
11379
11380
11381
11386
11387
11388
11395
11397
11399
11400
11404
11405
11414
11415
11418
11419
11420
11423
11424
11430
11432
11433
11434
11435
11438
11439
11440
11443
11445
11454
11459
11461
11462
11463
11464
11465
11466
11469
11471
11473
11474
11475
11476
11477
11478
11479
11480
11482
11483
11484
11485
11486
11487
11492
11493
11494
11495
11496
11497
11499
11500
11501
11502
11504
11505
11506
11507
11508
11509
11510
11511
11512
11513
11514
11515
11519
11522
11524
11526
11527
11529
11530
11534
11535
11536
11537
11538
11540
11541
11543
11545
11549
11552
11553
11554
11555
11557
11559
11564
11565
11566
11567
11572
11575
11577
11580
11581
11582
11584
11594
11595
11604
11605
11607
11608
11609
11615
11616
11626
11628
11629
11630
11631
11634
11635
11644
11654
11664
11665
11667
11674
11676
11690
11704
11705
11706
11714
11724
11727
11737
11738
11739
11740
11741
11742
11746
11754
11765
11766
11767
11774
11777
11778
11779
11780
11781
11783
11784
11787
11788
11791
11797
11798
11799
11800
11801
11802
11805
11808
11809
11810
11811
11813
11817
11822
11823
11835
11840
11842
11843
11844
11845
11847
11848
11849
11855
11856
11858
11860
11861
11865
11867
11868
11869
11870
11872
11873
11886
11887
11888
11889
11890
11894
11895
11896
11897
11899
11904
11906
11907
11910
11911
11912
11929
11934
11935
11936
11937
11939
11940
11944
11945
11946
11951
11952
11954
11955
11964
11965
11966
11967
11974
11985
11986
11987
11995
12004
12025
12029
12030
12033
12034
12044
12045
12046
12048
12049
12054
12055
12056
12074
12075
12077
12079
12080
12081
12082
12083
12094
12104
12107
12109
12110
12112
12113
12117
12118
12125
12136
12137
12138
12141
12142
12143
12144
12145
12146
12147
12148
12149
12152
12155
12156
12157
12158
12159
12160
12161
12162
12163
12164
12165
12169
12170
12171
12172
12173
12175
12176
12177
12180
12183
12185
12187
12188
12189
12190
12192
12194
12195
12196
12197
12198
12200
12201
12216
12224
12244
12254
12264
12265
12274
12275
12294
12295
12296
12297
12298
12299
12300
12304
12305
12314
12315
12316
12317
12318
12319
12324
12325
12329
12330
12331
12332
12333
12334
12335
12336
12338
12339
12341
12343
12345
12346
12349
12350
12351
12353
12354
12355
12364
12365
12374
12376
12377
12378
12379
12380
12384
12386
12387
12388
12389
12390
12393
12394
12395
12396
12397
12398
12399
12400
12404
12414
12416
12418
12419
12420
12424
12425
12426
12427
12428
12432
12434
12436
12437
12438
12439
12446
12447
12450
12454
12455
12456
12459
12461
12464
12467
12468
12469
12470
12471
12474
12476
12477
12478
12479
12485
12494
12495
12496
12497
12498
12499
12500
12501
12504
12505
12506
12508
12509
12514
12515
12516
12517
12518
12519
12520
12521
12523
12524
12527
12528
12533
12534
12539
12540
12543
12545
12547
12548
12550
12551
12554
12556
12575
12576
12577
12578
12579
12580
12581
12583
12584
12585
12586
12587
12588
12589
12591
12604
12605
12606
12607
12608
12609
12610
12612
12613
12614
12615
12617
12619
12620
12623
12641
12643
12644
12690
12691
12692
12693
12694
12695
12696
12697
12698
12699
12700
12703
12704
12705
12706
12707
12709
12710
12714
12724
12725
12726
12727
12728
12729
12730
12731
12732
12733
12735
12739
12742
12743
12744
12745
12746
12747
12750
12754
12755
12758
12759
12761
12778
12779
12780
12782
12784
12785
12786
12787
12788
12789
12790
12792
12794
12804
12805
12807
12808
12809
12811
12812
12816
12817
12818
12821
12822
12823
12824
12828
12829
12830
12836
12837
12838
12842
12844
12854
12856
12857
12858
12859
12860
12861
12862
12863
12864
12865
12867
12868
12869
12870
12871
12872
12875
12876
12888
12890
12891
12908
12909
12910
12911
12916
12917
12918
12919
12921
12923
12924
12926
12927
12928
12929
12930
12931
12932
12934
12935
12939
12940
12946
12948
12949
12950
12951
12952
12953
12954
12964
12965
12967
12968
12969
12971
12974
12975
12976
12977
12979
12980
12982
12984
12985
12989
12990
12994
12995
12996
12997
12998
12999
13000
13001
13002
13003
13004
13005
13006
13008
13009
13013
13015
13016
13024
13035
13037
13038
13039
13040
13041
13042
13043
13048
13059
13060
13061
13062
13063
13064
13065
13066
13067
13069
13072
13085
13086
13088
13089
13090
13091
13092
13094
13095
13110
13111
13112
13113
13114
13116
13117
13118
13119
13124
13125
13142
13143
13144
13145
13146
13147
13155
13159
13160
13161
13166
13174
13184
13185
13186
13187
13191
13192
13193
13195
13197
13204
13205
13206
13208
13209
13211
13213
13215
13217
13218
13219
13229
13230
13231
13233
13234
13235
13237
13239
13240
13241
13242
13243
13245
13247
13249
13251
13256
13268
13271
13274
13275
13277
13279
13280
13283
13284
13287
13295
13297
13298
13299
13319
13323
13338
13339
13340
13342
13343
13344
13345
13346
13347
13349
13350
13351
13352
13355
13356
13359
13360
13363
13365
13368
13369
13370
13373
13376
13377
13378
13389
13390
13391
13392
13393
13394
13396
13407
13412
13416
13417
13418
13437
13438
13439
13440
13444
13446
13454
13455
13457
13458
13459
13460
13461
13462
13463
13470
13476
13479
13485
13486
13487
13488
13490
13501
13502
13503
13504
13505
13506
13507
13514
13515
13517
13518
13519
13520
13521
13523
13524
13525
13526
13527
13539
13540
13543
13544
13546
13550
13551
13552
13553
13555
13556
13557
13558
13579
13585
13586
13594
13595
13596
13597
13602
13603
13604
13606
13614
13625
13626
13627
13628
13629
13630
13631
13632
13634
13640
13641
13642
13643
13644
13645
13648
13649
13650
13656
13657
13658
13659
13667
13668
13669
13672
13678
13679
13680
13683
13685
13686
13687
13688
13692
13694
13696
13698
13699
13700
13707
13708
13709
13711
13712
13713
13714
13715
13716
13717
13719
13720
13721
13739
13744
13747
13748
13749
13751
13753
13754
13759
13760
13761
13764
13765
13766
13767
13768
13770
13771
13772
13773
13774
13775
13776
13778
13779
13780
13782
13783
13784
13791
13792
13793
13797
13802
13804
13807
13814
13824
13841
13842
13846
13847
13854
13856
13857
13858
13859
13867
13880
13881
13884
13885
13890
13891
13893
13894
13895
13896
13897
13908
13911
13912
13915
13916
13917
13918
13919
13922
13934
13939
13940
13941
13945
13946
13947
13948
13951
13952
13955
13958
13960
13963
13964
13965
13968
13969
13971
13973
13975
13982
13983
13985
13986
13987
13988
13989
13990
13994
14000
14001
14004
14005
14007
14008
14010
14011
14012
14015
14016
14017
14018
14019
14022
14040
14044
14047
14049
14051
14056
14058
14059
14060
14062
14069
14070
14072
14074
14075
14076
14080
14081
14082
14083
14084
14085
14088
14089
14090
14091
14092
14093
14095
14096
14098
14099
14100
14101
14102
14103
14104
14114
14115
14117
14118
14121
14122
14123
14124
14126
14127
14128
14129
14130
14131
14132
14133
14136
14137
14138
14156
14159
14162
14163
14164
14165
14166
14167
14169
14170
14171
14173
14174
14175
14176
14178
14179
14180
14182
14183
14184
14186
14188
14190
14191
14192
14193
14194
14195
14199
14200
14203
14210
14211
14212
14213
14214
14215
14218
14219
14223
14225
14228
14229
14230
14231
14233
14240
14243
14244
14245
14246
14247
14249
14250
14264
14265
14266
14273
14274
14278
14284
14285
14286
14287
14288
14290
14291
14292
14294
14295
14296
14297
14299
14300
14302
14303
14304
14305
14306
14307
14310
14314
14316
14317
14319
14320
14322
14323
14324
14329
14330
14331
14332
14333
14334
14336
14340
14341
14342
14344
14346
14347
14348
14354
14356
14357
14358
14360
14361
14362
14364
14365
14366
14367
14368
14369
14370
14371
14372
14373
14375
14376
14379
14380
14381
14384
14385
14386
14387
14389
14390
14391
14392
14394
14395
14396
14397
14398
14401
14402
14413
14414
14415
14416
14417
14426
14428
14429
14430
14432
14433
14436
14440
14442
14443
14444
14447
14448
14456
14457
14458
14459
14460
14461
14462
14463
14465
14466
14467
14468
14469
14470
14471
14474
14484